1
AGNEL
45.47102	7.139138
2297	2275
2140000	0	1610000
2792.1	17922.7	0.0
5584.3	35845.45
1	1
1
2	1
1   2298   130
3  2
12  1
1  1
2280  2  0.5  0.2
1610000  0.1
7.8948
0.1
2
SERRù
45.458724	7.126481
2275	2233
14490000	0	10867500
4566.7	76600.0	0.0
9133.3	153200.0
1	1
1
2	2
1   2273   120
4  1
3  4
3  1
1  2
2237  5.5  0.5  0.2
10867500  0.1
7.88664
0.1
3
CONDOTTE
46.458724	7.126481
2280	2280
0	0	0
0.0	0.0	0.0
0.0	0.0
1	1
1
2	1
1   2280   100
4  1
3  4
1  3
2280  5  0.5  0.2
0  1
0
0.1
4
CERESOLE
45.429659	7.226976
1572	1549
34000000	0	25500000
21813.9	479717.2	0.0
43627.8	959434.5
1	1
1
1	4
1   1570   800
12  1
5  1
3  3
3  2
1  4
1555  15  0.5  0.2
25500000  0.1
7.49904
0.1
